
Размер матрицы (N*N) = 10 

Исходная матрица
 -5   9   9  10   0   3 -10  -1  -7   5 
  2   9   6 -10   8   0   4   4   7   3 
  1   5  -7  -9   6   5  10  -6   9   9 
-10   2   0  -9  -9  10  -9  -1  -7  -6 
  6  -1   4   9  10  -4   3   5   6   0 
 -9  -9  -1  -3  -2  -6  -8  -7  -7 -10 
 -7  -3  -6  -7   5  -8 -10  -9  -7   8 
 -8  -2   1   8   1  -6   2  -7   9  -5 
 -5   1  -1   6   8 -10  10  -8   1   1 
  6   2   4   5   4   2  -6  -4  -8  -5 
Вторая матрица
 -5   9   9  10   0   3 -10  -1  -7   5 
  2   9   6 -10   8   0   4   4   7   3 
  1   5  -7  -9   6   5  10  -6   9   9 
-10   2   0  -9  -9  10  -9  -1  -7  -6 
  6  -1   4   9  10  -4   3   5   6   0 
 -9  -9  -1  -3  -2  -6  -8  -7  -7 -10 
 -7  -3  -6  -7   5  -8 -10  -9  -7   8 
 -8  -2   1   8   1  -6   2  -7   9  -5 
 -5   1  -1   6   8 -10  10  -8   1   1 
  6   2   4   5   4   2  -6  -4  -8  -5 
Для числа  -5 число повторений = 4
Для числа   9 число повторений = 7
Для числа  10 число повторений = 5
Для числа   0 число повторений = 4
Для числа   3 число повторений = 3
Для числа -10 число повторений = 6
Для числа  -1 число повторений = 5
Для числа  -7 число повторений = 9
Для числа   5 число повторений = 6
Для числа   2 число повторений = 5
Для числа   6 число повторений = 6
Для числа   8 число повторений = 4
Для числа   4 число повторений = 5
Для числа   7 число повторений = 1
Для числа   1 число повторений = 6
Для числа  -9 число повторений = 7
Для числа  -6 число повторений = 6
Для числа  -4 число повторений = 2
Для числа  -3 число повторений = 2
Для числа  -2 число повторений = 2
Для числа  -8 число повторений = 5

Размер матрицы (N*N) = 11 

Исходная матрица
 -1  -2   2  -6  -7   5  -2  -3   4  -3  -5 
  2   0  10  -4   2  -7  -5   1  -7  -7   1 
 -9   3   4  -7  -5   1  -6   6  -5  -9   9 
 -7  -2   8  -5  10  -8   0   1   2  -2  -9 
 -4  -7  -4  -7   6  -9   4  -5   9   6   2 
 10  -2   2   8   8  10   4  10  -2   2  -4 
  2   1  -3  -5  -5  -8   3  -1  -2   8  -4 
  1  -8  -1 -10  -4  -4  -6   5   0   8  -3 
 -4  -3  -8  -2  -2  -1 -10   5   1  10  -6 
  7  -7   4   6   6   2   2   5  -7  -4   2 
 -8   5  -3  10  -3  10   7  -1  10  -7  -9 
Вторая матрица
 -1  -2   2  -6  -7   5  -2  -3   4  -3  -5 
  2   0  10  -4   2  -7  -5   1  -7  -7   1 
 -9   3   4  -7  -5   1  -6   6  -5  -9   9 
 -7  -2   8  -5  10  -8   0   1   2  -2  -9 
 -4  -7  -4  -7   6  -9   4  -5   9   6   2 
 10  -2   2   8   8  10   4  10  -2   2  -4 
  2   1  -3  -5  -5  -8   3  -1  -2   8  -4 
  1  -8  -1 -10  -4  -4  -6   5   0   8  -3 
 -4  -3  -8  -2  -2  -1 -10   5   1  10  -6 
  7  -7   4   6   6   2   2   5  -7  -4   2 
 -8   5  -3  10  -3  10   7  -1  10  -7  -9 
Для числа  -1 число повторений = 5
Для числа  -2 число повторений = 9
Для числа   2 число повторений = 11
Для числа  -6 число повторений = 4
Для числа  -7 число повторений = 11
Для числа   5 число повторений = 5
Для числа  -3 число повторений = 7
Для числа   4 число повторений = 5
Для числа  -5 число повторений = 8
Для числа   0 число повторений = 3
Для числа  10 число повторений = 9
Для числа  -4 число повторений = 9
Для числа   1 число повторений = 7
Для числа  -9 число повторений = 5
Для числа   3 число повторений = 2
Для числа   6 число повторений = 5
Для числа   9 число повторений = 2
Для числа   8 число повторений = 5
Для числа  -8 число повторений = 5
Для числа -10 число повторений = 2
Для числа   7 число повторений = 2

Размер матрицы (N*N) = 15 

Исходная матрица
 -1   7 -10  -2   7  -2   1  -5   0   1  10   2   7  -2  -3 
 -1   7   8  -8   8   7   7   1 -10  -8   8   7   4   5  10 
 -6  10  -5   3  -1 -10  -1   7   1  10  -8  10  -9   2   0 
  1   1  -8  -1  10   7   4  -6   3   4   1   5   5  -7  -9 
 -9   8  -4 -10 -10   6   6   4   8  10  -8  -1   0   0  -4 
  1  -7  -7 -10   9  -3   9   0   7 -10  -3   3  -7   2  -4 
 -9  -3  -8  -8 -10   6   6   1   5  -8   6  -4  -1   8  -5 
 -9  -6   5 -10  -3  -9   1  -2  10   7  -7  -1   9  -8  -3 
 10   2 -10 -10   3  -7  -6  -2   3   1  -8  -3   9   1   6 
  4  -5  -4   2  -6   4  -5  -6   7   3   7  -5  -6   7   9 
  5  -2 -10  -1  -3  -6   0  -1   5   2  -1   0  10   7  -9 
 -4  -4   2  -4   9   3  -7   9   7   2   4  10  -3   6   7 
  0   2  -4   0  -9  -7   3  -5  -7  10  -6  -2  -4   3   1 
 -9   7  -4   2   8  10   5  -1  -3   8   5  -7  -7 -10   7 
 -5   1   0  -1   6   9   6   6   9   2  -3  -1   3  -6   3 
Вторая матрица
 -1   7 -10  -2   7  -2   1  -5   0   1  10   2   7  -2  -3 
 -1   7   8  -8   8   7   7   1 -10  -8   8   7   4   5  10 
 -6  10  -5   3  -1 -10  -1   7   1  10  -8  10  -9   2   0 
  1   1  -8  -1  10   7   4  -6   3   4   1   5   5  -7  -9 
 -9   8  -4 -10 -10   6   6   4   8  10  -8  -1   0   0  -4 
  1  -7  -7 -10   9  -3   9   0   7 -10  -3   3  -7   2  -4 
 -9  -3  -8  -8 -10   6   6   1   5  -8   6  -4  -1   8  -5 
 -9  -6   5 -10  -3  -9   1  -2  10   7  -7  -1   9  -8  -3 
 10   2 -10 -10   3  -7  -6  -2   3   1  -8  -3   9   1   6 
  4  -5  -4   2  -6   4  -5  -6   7   3   7  -5  -6   7   9 
  5  -2 -10  -1  -3  -6   0  -1   5   2  -1   0  10   7  -9 
 -4  -4   2  -4   9   3  -7   9   7   2   4  10  -3   6   7 
  0   2  -4   0  -9  -7   3  -5  -7  10  -6  -2  -4   3   1 
 -9   7  -4   2   8  10   5  -1  -3   8   5  -7  -7 -10   7 
 -5   1   0  -1   6   9   6   6   9   2  -3  -1   3  -6   3 
Для числа  -1 число повторений = 14
Для числа   7 число повторений = 19
Для числа -10 число повторений = 13
Для числа  -2 число повторений = 7
Для числа   1 число повторений = 14
Для числа  -5 число повторений = 8
Для числа   0 число повторений = 10
Для числа  10 число повторений = 13
Для числа   2 число повторений = 11
Для числа  -3 число повторений = 11
Для числа   8 число повторений = 8
Для числа  -8 число повторений = 10
Для числа   4 число повторений = 7
Для числа   5 число повторений = 9
Для числа  -6 число повторений = 10
Для числа   3 число повторений = 11
Для числа  -9 число повторений = 9
Для числа  -7 число повторений = 11
Для числа  -4 число повторений = 11
Для числа   6 число повторений = 10
Для числа   9 число повторений = 9
